,Date,Open,High,Low,Close,Volume,Market Cap
0,2018-01-03,0.136155,0.161407,0.13000899999999999,0.158691,1592360,53142900
1,2018-01-02,0.13888699999999998,0.15275999999999998,0.13101,0.136984,1502240,54209400
2,2018-01-01,0.13731500000000002,0.146217,0.125079,0.139882,1247270,53595600
3,2017-12-31,0.106554,0.152908,0.105225,0.139596,3089930,41589400
4,2017-12-30,0.12733,0.12733,0.099136,0.10736400000000001,458797,49698600
5,2017-12-29,0.10814000000000001,0.131832,0.10701500000000001,0.127947,1492020,42208600
6,2017-12-28,0.101622,0.107707,0.088037,0.10660399999999999,630766,39664500
7,2017-12-27,0.10705899999999999,0.111047,0.095729,0.101772,516410,41786400
8,2017-12-26,0.11055899999999999,0.122198,0.098066,0.106983,1141850,43152500
9,2017-12-25,0.11052999999999999,0.12553499999999998,0.106279,0.112876,1253900,43141200
10,2017-12-24,0.09475599999999999,0.11015699999999999,0.08651299999999999,0.11015699999999999,1701720,36984300
11,2017-12-23,0.08529099999999999,0.10409700000000001,0.08494600000000001,0.093655,786048,33290100
12,2017-12-22,0.102676,0.104099,0.058352999999999995,0.085101,798013,40075700
13,2017-12-21,0.10240999999999999,0.11898099999999999,0.095205,0.10231900000000001,1330460,39971900
14,2017-12-20,0.089031,0.10807699999999999,0.07824099999999999,0.1007,1349190,34750000
15,2017-12-19,0.093888,0.098802,0.084228,0.089364,798216,36645700
16,2017-12-18,0.085133,0.097151,0.08101599999999999,0.093037,846562,33228500
17,2017-12-17,0.079971,0.08915,0.079019,0.084877,397007,31213700
18,2017-12-16,0.079301,0.08203200000000001,0.077182,0.081096,310730,30952000
19,2017-12-15,0.07269099999999999,0.08175,0.07090199999999999,0.07925800000000001,753765,28372400
20,2017-12-14,0.069276,0.073933,0.068432,0.072091,405320,27039300
21,2017-12-13,0.06956799999999999,0.07432000000000001,0.06688999999999999,0.069499,431863,27153300
22,2017-12-12,0.066959,0.073032,0.065603,0.0696,343390,26135100
23,2017-12-11,0.067347,0.07337,0.065934,0.066851,588312,26286300
24,2017-12-10,0.07318200000000001,0.07318200000000001,0.060085,0.06776900000000001,231286,28564000
25,2017-12-09,0.076027,0.07724400000000001,0.064832,0.073259,166031,29674200
26,2017-12-08,0.081653,0.08288200000000001,0.067076,0.076254,518677,31870200
27,2017-12-07,0.078407,0.10800699999999999,0.070758,0.082893,2598280,30603100
28,2017-12-06,0.063652,0.078898,0.060780999999999995,0.078898,1008030,24844200
29,2017-12-05,0.063315,0.068594,0.059692999999999996,0.063725,481400,24712700
30,2017-12-04,0.057008,0.063222,0.05653,0.062974,222167,22250800
31,2017-12-03,0.053358,0.062852,0.052917,0.056821,209141,20826400
32,2017-12-02,0.05443200000000001,0.056421000000000006,0.051628,0.053308,103937,21245400
33,2017-12-01,0.052152,0.055771,0.048845,0.054477,108695,20355600
34,2017-11-30,0.045215,0.05279400000000001,0.044729000000000005,0.052532,118010,17647900
35,2017-11-29,0.056142,0.061627999999999995,0.04375,0.045654,345895,21913100
36,2017-11-28,0.053051,0.064011,0.052266,0.056259,454507,20706400
37,2017-11-27,0.051375,0.053849,0.050138,0.052916,162414,20052400
38,2017-11-26,0.045573,0.052598,0.045075,0.051495000000000006,230265,17787700
39,2017-11-25,0.043668,0.046455,0.043503,0.045589,131494,17044200
40,2017-11-24,0.043668,0.044592,0.042193,0.043756,99937,17044300
41,2017-11-23,0.043059,0.045622,0.042132,0.043257,176076,16806600
42,2017-11-22,0.038887,0.044436,0.038672000000000005,0.043375,161645,15177900
43,2017-11-21,0.039837,0.041212,0.036844999999999996,0.038859,40047,15549100
44,2017-11-20,0.040164,0.041518,0.039472,0.039672000000000006,79007,15676600
45,2017-11-19,0.041345,0.041607,0.039422000000000006,0.040182999999999996,35020,16137400
46,2017-11-18,0.039611,0.042082,0.038335,0.041421,46195,15460800
47,2017-11-17,0.040152,0.040667,0.037607999999999996,0.039764,52944,15671900
48,2017-11-16,0.038939999999999995,0.041447000000000005,0.037825,0.040402999999999994,62717,15198800
49,2017-11-15,0.037814,0.039531000000000004,0.037586,0.038737,44668,14759100
50,2017-11-14,0.036785000000000005,0.038181,0.036225,0.037788,37784,14357800
51,2017-11-13,0.033602,0.038669999999999996,0.033263,0.036706,42979,13115200
52,2017-11-12,0.038106,0.038106,0.031866000000000005,0.033628,54752,14873400
53,2017-11-11,0.039807,0.041604,0.03676,0.038133999999999994,104303,15537200
54,2017-11-10,0.043194,0.045037,0.037413,0.039688,92249,16859100
55,2017-11-09,0.042921,0.044739999999999995,0.041436,0.04289,161914,16752500
56,2017-11-08,0.045170999999999996,0.04805,0.040231,0.043265,548820,17630900
57,2017-11-07,0.036844,0.052065999999999994,0.036321,0.046008,430888,14380800
58,2017-11-06,0.038069,0.039916,0.035983999999999995,0.036900999999999996,130182,14859000
59,2017-11-05,0.035118,0.043519999999999996,0.035064,0.038532,255723,13706900
60,2017-11-04,0.033857,0.035718,0.032916,0.035126,75277,13214700
61,2017-11-03,0.034907,0.037255,0.032744999999999996,0.033915,132847,13624400
62,2017-11-02,0.03622,0.037975999999999996,0.033463,0.034625,152710,14137300
63,2017-11-01,0.040303,0.042644,0.035264,0.03636,240707,15730800
64,2017-10-31,0.03952,0.045157,0.039005,0.0403,564715,15425200
65,2017-10-30,0.038066,0.043204,0.036913,0.039416,282209,14857800
66,2017-10-29,0.034953,0.05343099999999999,0.034953,0.037811000000000004,904019,13642600
67,2017-10-28,0.035524,0.036483,0.034742,0.035001,29020,13865500
68,2017-10-27,0.035452,0.037061000000000004,0.03425,0.035427,45358,13837200
69,2017-10-26,0.035295,0.036002,0.033998,0.035531,44014,13776100
70,2017-10-25,0.034994,0.035515,0.033201999999999995,0.035299000000000004,53092,13658800
71,2017-10-24,0.031122000000000004,0.036069,0.029715,0.034895999999999996,173945,12147200
72,2017-10-23,0.0343,0.034793,0.030614999999999996,0.031191000000000003,55427,13387600
73,2017-10-22,0.034132,0.035151999999999996,0.032892000000000005,0.034725,28398,13322200
74,2017-10-21,0.033816000000000006,0.035237,0.032641,0.034122,115037,13198900
75,2017-10-20,0.034233,0.035723000000000005,0.033638999999999995,0.033888,59267,13361700
76,2017-10-19,0.034148000000000005,0.037175,0.033425,0.034224,128405,13328200
77,2017-10-18,0.03252,0.034243,0.030975,0.03413,57586,12693000
78,2017-10-17,0.034388,0.035711,0.031858,0.032518,50979,13422100
79,2017-10-16,0.032132,0.036189,0.031258999999999995,0.034383,106298,12541400
80,2017-10-15,0.035726,0.035726,0.030914999999999998,0.032208999999999995,123668,13944200
81,2017-10-14,0.036884,0.041579000000000005,0.033421,0.035726,301396,14396200
82,2017-10-13,0.031065,0.046979,0.027354000000000003,0.037101,629040,12125200
83,2017-10-12,0.028794999999999998,0.035532,0.028237,0.030813999999999998,293393,11238800
84,2017-10-11,0.027398000000000002,0.02992,0.027311000000000002,0.02877,57258,10693700
85,2017-10-10,0.027001999999999998,0.030933,0.026427999999999997,0.027183,240120,10539300
86,2017-10-09,0.028868,0.03142,0.026595,0.027708999999999998,132586,11267400
87,2017-10-08,0.031643,0.034082,0.028763999999999998,0.028923,129818,12350700
88,2017-10-07,0.031123,0.035134,0.030313999999999997,0.031728,118399,12147500
89,2017-10-06,0.032027,0.03277,0.030652999999999996,0.031113,59412,12500700
90,2017-10-05,0.032586000000000004,0.033070999999999996,0.030762,0.032111,35860,12718700
91,2017-10-04,0.032763,0.034048,0.031063999999999998,0.032643,80508,12787700
92,2017-10-03,0.034339,0.034975,0.030889,0.032760000000000004,77581,13403000
93,2017-10-02,0.035883,0.036826,0.034219,0.034337,38578,14005600
94,2017-10-01,0.037172000000000004,0.037573,0.035592,0.035689,105250,14508600
95,2017-09-30,0.036864,0.037879,0.035712,0.037152,99684,14388500
96,2017-09-29,0.035452,0.037826,0.03436,0.036844999999999996,208704,13837500
97,2017-09-28,0.035824,0.037073,0.034231,0.035393,93860,13982600
98,2017-09-27,0.034641000000000005,0.036187000000000004,0.033793000000000004,0.03576,121207,13520800
99,2017-09-26,0.032336000000000004,0.036789999999999996,0.032336000000000004,0.034588,217279,12621100
100,2017-09-25,0.030581,0.033901,0.03057,0.0324,80430,11936300
101,2017-09-24,0.031329,0.032159,0.029949,0.030612,67146,12228000
102,2017-09-23,0.03052,0.03196,0.029365,0.031258,105769,11912500
103,2017-09-22,0.030945,0.036470999999999996,0.028993,0.030614,249654,12078300
104,2017-09-21,0.038034,0.045433999999999995,0.030570999999999997,0.030981,844549,14845400
105,2017-09-20,0.031751,0.046855,0.030795999999999997,0.038098,1180670,12392800
106,2017-09-19,0.032053,0.033449,0.030195999999999997,0.031651,111647,12510600
107,2017-09-18,0.029642,0.032839,0.029642,0.031975,92204,11569600
108,2017-09-17,0.031195,0.032485,0.027351,0.029700999999999998,158469,12175600
109,2017-09-16,0.027247000000000004,0.034666,0.024758000000000002,0.031221,455588,10635000
110,2017-09-15,0.024205,0.028376,0.020305,0.027364999999999997,181704,9447680
111,2017-09-14,0.030941000000000003,0.035185,0.024030000000000003,0.024052,305839,12076700
112,2017-09-13,0.032008999999999996,0.040917,0.028071,0.030873,830713,12493600
113,2017-09-12,0.033402999999999995,0.03465,0.031372000000000004,0.032097,64356,13037600
114,2017-09-11,0.033317,0.034033,0.032195,0.033371,40021,13003900
115,2017-09-10,0.033917,0.033960000000000004,0.031871,0.033373,51999,13238000
116,2017-09-09,0.033768,0.034913,0.032714,0.034004,47507,13179900
117,2017-09-08,0.037207,0.037479000000000005,0.031991000000000006,0.033701999999999996,74411,14522400
118,2017-09-07,0.038806,0.038869,0.036614999999999995,0.037288,77547,15146600
119,2017-09-06,0.038372,0.041793000000000004,0.037531,0.038637,111658,14977200
120,2017-09-05,0.035006999999999996,0.038838,0.031226,0.038329,105622,13663800
121,2017-09-04,0.041367,0.041395999999999995,0.032823000000000005,0.034827,154062,16146000
122,2017-09-03,0.040485,0.042075,0.039342,0.041352999999999994,60004,15801800
123,2017-09-02,0.044933999999999995,0.045245,0.039448000000000004,0.04046,127417,17538500
124,2017-09-01,0.04287,0.046239999999999996,0.04287,0.044877999999999994,182872,16732700
125,2017-08-31,0.040757999999999996,0.044411,0.040109,0.042893,162838,15908300
126,2017-08-30,0.040519,0.041469,0.03943,0.040827999999999996,78644,15815200
127,2017-08-29,0.040101,0.045889,0.03963,0.040551,331695,15652100
128,2017-08-28,0.038564,0.040921,0.037897,0.040055,122477,15052100
129,2017-08-27,0.040047,0.040108,0.038169,0.038605,90834,15631000
130,2017-08-26,0.037458,0.040815,0.03531,0.039608,210175,14620200
131,2017-08-25,0.040744999999999996,0.040760000000000005,0.036322,0.037623000000000004,212209,15903500
132,2017-08-24,0.040512,0.048038,0.039711,0.04081,920127,15812500
133,2017-08-23,0.032776,0.068424,0.032536,0.040077999999999996,2997580,12792800
134,2017-08-22,0.033277999999999995,0.034730000000000004,0.029863,0.032844,57181,12988800
135,2017-08-21,0.039191000000000004,0.044132,0.031879000000000005,0.032841,472991,15296800
136,2017-08-20,0.027452999999999998,0.039994,0.026972000000000003,0.038097000000000006,362174,10715100
137,2017-08-19,0.028576,0.028823,0.026432,0.027586000000000003,50260,11153700
138,2017-08-18,0.028974,0.029019999999999997,0.026839,0.028600999999999998,76432,11308900
139,2017-08-17,0.030647000000000004,0.031463,0.027918000000000002,0.029063,92310,11962000
140,2017-08-16,0.030853,0.031785,0.029398,0.030675,60898,12042300
141,2017-08-15,0.030961000000000002,0.034381,0.028779000000000002,0.030819,189687,12084600
142,2017-08-14,0.032567,0.034658,0.028446,0.031432,148952,12711400
143,2017-08-13,0.032293,0.03429,0.028906,0.032567,121658,12604300
144,2017-08-12,0.033477,0.03512,0.031625,0.032147,99728,13066500
145,2017-08-11,0.034412,0.034906,0.032038,0.033559,113714,13431300
146,2017-08-10,0.035143,0.035938,0.034047,0.034156,82448,13716900
147,2017-08-09,0.035877,0.036129,0.034096,0.035139,84639,14003300
148,2017-08-08,0.036108,0.037766,0.034633,0.035901,99776,14093200
149,2017-08-07,0.037063,0.040119999999999996,0.035601999999999995,0.036071,154932,14466100
150,2017-08-06,0.037543,0.0388,0.036612,0.036965,56811,14653500
151,2017-08-05,0.035366,0.038819,0.034950999999999996,0.037534,89960,13803600
152,2017-08-04,0.033916,0.036627,0.033916,0.035381,123470,13237900
153,2017-08-03,0.032382999999999995,0.034306,0.031895,0.033719,97841,12639400
154,2017-08-02,0.030612999999999998,0.032816000000000005,0.029316000000000002,0.032517000000000004,114192,11948500
155,2017-08-01,0.02975,0.033176,0.027212,0.030583,168703,11611700
156,2017-07-31,0.028204000000000003,0.030251,0.027833,0.029758,107860,11008400
157,2017-07-30,0.031461,0.032001999999999996,0.027912,0.028127,131333,12279800
158,2017-07-29,0.031096,0.035608,0.030545,0.031473,150265,12137000
159,2017-07-28,0.034755,0.035021,0.030132,0.031214,104224,13565400
160,2017-07-27,0.031738999999999996,0.035607,0.031167,0.034536000000000004,148962,12388200
161,2017-07-26,0.031984,0.032773000000000004,0.029816000000000002,0.031728,45717,12483600
162,2017-07-25,0.038605,0.039437,0.030325,0.031969,65745,15067900
163,2017-07-24,0.038529,0.039608,0.037528,0.039047000000000005,49850,15038400
164,2017-07-23,0.040092,0.041632,0.038325,0.038574000000000004,91945,15648300
165,2017-07-22,0.036476,0.041422,0.036287,0.040192,123549,14237200
166,2017-07-21,0.03914,0.039545,0.036211,0.036483,75842,15276900
167,2017-07-20,0.032522,0.040273,0.032119,0.038875,123660,12693800
168,2017-07-19,0.034331,0.037372,0.032159,0.032619999999999996,156779,13399900
169,2017-07-18,0.031584,0.036649,0.029876999999999997,0.034326999999999996,139678,12327700
170,2017-07-17,0.024471,0.032472,0.024347999999999998,0.031502999999999996,79032,9551390
171,2017-07-16,0.027156,0.028172000000000003,0.022915,0.024498,103162,10599400
172,2017-07-15,0.027971,0.030407999999999998,0.026579000000000002,0.027208999999999997,98738,10917400
173,2017-07-14,0.030218000000000002,0.032777999999999995,0.026636,0.028091,137417,11794700
174,2017-07-13,0.034055,0.038375,0.028982,0.030094,193783,13292200
175,2017-07-12,0.026114,0.034129,0.024666999999999998,0.034102,267447,10192500
176,2017-07-11,0.027431,0.02963,0.022881,0.026208,218638,10706700
177,2017-07-10,0.039224,0.040665,0.025979000000000002,0.0271,406255,15309500
178,2017-07-09,0.0437,0.044147000000000006,0.039202,0.039202,116073,17056600
179,2017-07-08,0.044308999999999994,0.04448,0.03785,0.043845,182416,17294200
180,2017-07-07,0.054592999999999996,0.05492999999999999,0.044131000000000004,0.044265,213687,21308400
181,2017-07-06,0.056809000000000005,0.057195,0.053429,0.054553,121888,22173200
182,2017-07-05,0.059654,0.05979400000000001,0.056346,0.05678099999999999,231673,23283800
183,2017-07-04,0.059035000000000004,0.061929,0.05859299999999999,0.060089,165429,23042000
184,2017-07-03,0.055503,0.060127999999999994,0.054562,0.059169000000000006,271873,21663500
185,2017-07-02,0.057239,0.05765700000000001,0.052569000000000005,0.055783000000000006,300365,22341300
186,2017-07-01,0.064964,0.07328,0.05649,0.057891,1078470,25356300
187,2017-06-30,0.059324,0.075706,0.056726,0.064968,1187660,23154700
188,2017-06-29,0.065711,0.06875,0.05924600000000001,0.05924600000000001,316947,25647900
189,2017-06-28,0.061704999999999996,0.068089,0.058601,0.065558,395388,24084300
190,2017-06-27,0.066195,0.067715,0.05324299999999999,0.061217999999999995,478747,25836900
191,2017-06-26,0.07451,0.078414,0.052534000000000004,0.066195,704972,29082200
192,2017-06-25,0.078327,0.08558500000000001,0.072392,0.074394,683778,30571900
193,2017-06-24,0.086151,0.086953,0.077782,0.07852200000000001,454078,33626000
194,2017-06-23,0.076057,0.088577,0.074487,0.08531799999999999,752511,29686100
195,2017-06-22,0.07584,0.079162,0.07511799999999999,0.075843,547476,29601300
196,2017-06-21,0.081355,0.084762,0.075298,0.076425,789080,31754000
197,2017-06-20,0.090188,0.096467,0.078925,0.081335,1442070,35201500
198,2017-06-19,0.077545,0.090039,0.074836,0.090039,1410140,30266800
199,2017-06-18,0.074536,0.08064400000000001,0.074186,0.076647,524892,29092300
200,2017-06-17,0.079273,0.079273,0.07385800000000001,0.074361,568788,30941200
201,2017-06-16,0.073414,0.084202,0.07132100000000001,0.078973,1363470,28654600
202,2017-06-15,0.074402,0.07687100000000001,0.061608,0.07291,725117,29040000
203,2017-06-14,0.084493,0.098919,0.07146,0.074425,1745590,32978800
204,2017-06-13,0.082886,0.088301,0.076609,0.08442899999999999,1555340,32351300
205,2017-06-12,0.104031,0.10469400000000001,0.075423,0.08249,3207250,40604600
206,2017-06-11,0.080037,0.132521,0.080037,0.106071,10629000,31239300
207,2017-06-10,0.065678,0.090449,0.06527999999999999,0.079886,2411740,25634800
208,2017-06-09,0.064262,0.06944600000000001,0.06295,0.065573,666348,25082300
209,2017-06-08,0.062426999999999996,0.070346,0.058788,0.064734,1160590,24366100
210,2017-06-07,0.05729600000000001,0.07093300000000001,0.05579,0.062091999999999994,1627620,22363200
211,2017-06-06,0.059611000000000004,0.061961,0.047618,0.057092,1425570,23267000
212,2017-06-05,0.042589999999999996,0.058811,0.042152999999999996,0.057424,2155890,16623500
213,2017-06-04,0.042679,0.045629,0.040185000000000005,0.042167,393177,16658100
214,2017-06-03,0.037747,0.047041,0.037226999999999996,0.042424,832310,14733100
215,2017-06-02,0.036026,0.038334,0.035626,0.037945,218826,14061600
216,2017-06-01,0.034902999999999997,0.037058,0.033618,0.03601,187615,13623000
217,2017-05-31,0.03333,0.037152,0.030806,0.0347,225390,13009000
218,2017-05-30,0.038100999999999996,0.038948,0.032417,0.033164,284804,14871400
219,2017-05-29,0.031079000000000002,0.040942,0.028956,0.038018,867850,12130700
220,2017-05-28,0.026062000000000002,0.0318,0.026062000000000002,0.031044,225939,10172300
221,2017-05-27,0.029599,0.029986000000000002,0.021712000000000002,0.025781000000000002,113939,11552700
222,2017-05-26,0.032202,0.035969,0.028006,0.029501,171151,12568700
223,2017-05-25,0.038748000000000005,0.042814,0.030935,0.032346,369419,15123700
224,2017-05-24,0.036885,0.041386,0.036759,0.039102,358264,14396800
225,2017-05-23,0.034189,0.038521,0.03298,0.036995,311236,13344300
226,2017-05-22,0.037663999999999996,0.037663999999999996,0.031882,0.03433,459508,14700500
227,2017-05-21,0.036807,0.042816,0.036177999999999995,0.037669,565500,14366400
228,2017-05-20,0.032624,0.037854,0.032291,0.036858,503178,12733500
229,2017-05-19,0.03198,0.035246,0.030864,0.032694,377903,12482100
230,2017-05-18,0.029643,0.036983999999999996,0.028827,0.032224,920367,11570000
231,2017-05-17,0.026157999999999997,0.031278,0.023488,0.029702,428947,10209600
232,2017-05-16,0.027901,0.028439999999999997,0.024399,0.026261000000000003,399896,10889100
233,2017-05-15,0.031367,0.03255,0.027101999999999998,0.027971,401661,12240900
234,2017-05-14,0.030213,0.039037999999999996,0.028687,0.031366000000000005,1112050,11789200
235,2017-05-13,0.033169,0.034557,0.026991,0.030172000000000004,834960,12940900
236,2017-05-12,0.036455,0.041201999999999996,0.033111,0.033327999999999997,2008770,14221300
237,2017-05-11,0.035974,0.060045,0.032809,0.036694,9961940,14032000
238,2017-05-10,0.020130000000000002,0.056764999999999996,0.017669999999999998,0.03732,6978670,7850970
239,2017-05-09,0.020019,0.021127,0.017675,0.019959,73266,7806570
240,2017-05-08,0.018083000000000002,0.020008,0.017256999999999998,0.020008,82149,7051180
241,2017-05-07,0.017841,0.020142,0.017115000000000002,0.017915,162717,6955940
242,2017-05-06,0.015197,0.01964,0.015009999999999999,0.017682,237814,5924120
243,2017-05-05,0.015581,0.015813,0.014502000000000001,0.015184,63065,6073410
244,2017-05-04,0.014703,0.015824,0.014188999999999998,0.015358000000000002,60936,5730650
245,2017-05-03,0.012969,0.015066999999999999,0.012562,0.014761000000000002,32283,5054540
246,2017-05-02,0.013586,0.014003999999999999,0.012298,0.013085,27897,5294570
247,2017-05-01,0.013537,0.014625999999999998,0.012931999999999999,0.01347,55873,5275070
248,2017-04-30,0.014704,0.014740000000000001,0.013402,0.013533000000000002,46168,5729230
249,2017-04-29,0.014188,0.015875,0.014188,0.014711000000000002,54774,5527660
250,2017-04-28,0.012361,0.014796,0.01182,0.014187,46432,4815500
251,2017-04-27,0.011885,0.012559,0.011885,0.01235,11607,4629650
252,2017-04-26,0.012284999999999999,0.012484,0.011872,0.011936,11871,4785240
253,2017-04-25,0.012144,0.012737,0.011966,0.012247,13690,4729830
254,2017-04-24,0.012072,0.012501,0.011729999999999999,0.012031,13844,4701390
255,2017-04-23,0.012689,0.01326,0.011621,0.012072,19166,4941430
256,2017-04-22,0.012609,0.013186000000000002,0.012405,0.012692,12976,4909000
257,2017-04-21,0.013182,0.013248,0.011956,0.012613,22022,5131640
258,2017-04-20,0.014606999999999998,0.014624000000000002,0.011893,0.01329,56139,5685680
259,2017-04-19,0.015797,0.016127000000000002,0.013325,0.014700999999999999,98599,6148610
260,2017-04-18,0.015902,0.017446,0.015056,0.015790000000000002,49255,6188890
261,2017-04-17,0.014225999999999999,0.017236,0.014083000000000002,0.015903999999999998,137183,5536100
262,2017-04-16,0.014431999999999999,0.016191,0.013563999999999998,0.014094,122016,5615770
263,2017-04-15,0.011448,0.017086,0.011236,0.014491999999999998,132797,4454100
264,2017-04-14,0.011516,0.011928,0.011091,0.011457,16998,4480550
265,2017-04-13,0.011943,0.011948,0.010965,0.011506,15441,4646290
266,2017-04-12,0.011734999999999999,0.01253,0.011453,0.011937,19691,4564990
267,2017-04-11,0.011935,0.012061,0.011189,0.011668000000000001,27791,4642260
268,2017-04-10,0.011314,0.01196,0.010511,0.011901,21732,4400020
269,2017-04-09,0.011998,0.012234,0.010798,0.011319,13885,4665990
270,2017-04-08,0.011868,0.013247,0.011189,0.011992000000000001,36595,4614620
271,2017-04-07,0.01133,0.012278,0.010066,0.0119,17997,4405080
272,2017-04-06,0.012462,0.012563,0.009766,0.011497,29098,4844510
273,2017-04-05,0.010671,0.012738,0.010542000000000001,0.012431000000000001,42154,4147940
274,2017-04-04,0.010258,0.012417000000000001,0.009866,0.010634999999999999,34768,3986710
275,2017-04-03,0.011221,0.013753,0.010192,0.010231,96368,4360370
276,2017-04-02,0.008884999999999999,0.011212999999999999,0.008209000000000001,0.010934000000000001,24571,3452230
277,2017-04-01,0.0081,0.009561,0.007953,0.009118000000000001,10874,3147170
278,2017-03-31,0.008497,0.009145,0.007718000000000001,0.008135,16985,3301150
279,2017-03-30,0.007858,0.00856,0.007398999999999999,0.008495,10649,3052700
280,2017-03-29,0.009503,0.009752,0.007331999999999999,0.007927,24994,3691440
281,2017-03-28,0.007095999999999999,0.010689,0.007065999999999999,0.009726,65855,2756010
282,2017-03-27,0.005508,0.008870999999999999,0.005369,0.007084,65600,2139310
283,2017-03-26,0.005684000000000001,0.005796,0.005327,0.005478,8364,2207330
284,2017-03-25,0.005018,0.005704,0.004906000000000001,0.005693,8955,1948400
285,2017-03-24,0.006057,0.006155,0.004918,0.005023,16697,2351730
286,2017-03-23,0.00671,0.006866,0.00573,0.00605,9032,2605410
287,2017-03-22,0.007047,0.007197,0.006498,0.006705,13128,2736000
288,2017-03-21,0.005993,0.007279000000000001,0.005899000000000001,0.007075,23011,2326580
289,2017-03-20,0.00561,0.006229999999999999,0.005414,0.0059689999999999995,4583,2177350
290,2017-03-19,0.005386999999999999,0.0058130000000000005,0.005228,0.005607,3336,2090890
291,2017-03-18,0.006218,0.006379999999999999,0.005197,0.005371,5718,2412950
292,2017-03-17,0.006666,0.00674,0.005841,0.006202,7395,2586270
293,2017-03-16,0.005834000000000001,0.007037999999999999,0.00563,0.006592,8362,2263330
294,2017-03-15,0.006011,0.006139,0.005507,0.005826,4717,2331720
295,2017-03-14,0.005579,0.006137,0.005443,0.00601,8526,2164080
296,2017-03-13,0.005718,0.006018,0.005224,0.005589,7279,2217720
297,2017-03-12,0.0054399999999999995,0.005841,0.004893,0.005716,3427,2109800
298,2017-03-11,0.005158,0.005748,0.004902,0.005437,1601,2000150
299,2017-03-10,0.005751,0.005961999999999999,0.004965,0.0051600000000000005,4680,2230000
300,2017-03-09,0.005520000000000001,0.006253,0.005485,0.0057469999999999995,7509,2140030
301,2017-03-08,0.005449,0.005707,0.005032,0.005416,2222,2112540
302,2017-03-07,0.005484,0.005596,0.005377000000000001,0.005451,661,2125500
303,2017-03-06,0.005359,0.005697,0.005159,0.005483,1345,2076790
304,2017-03-05,0.005239,0.005447,0.00389,0.0053560000000000005,2575,2030200
305,2017-03-04,0.005372999999999999,0.005659,0.005027,0.005243,2364,2081850
306,2017-03-03,0.005265,0.005633,0.005035,0.005397,4313,2039830
307,2017-03-02,0.006121,0.0063219999999999995,0.00536,0.005579,6169,2371340
308,2017-03-01,0.006229,0.00639,0.005981,0.00611,1995,2412740
309,2017-02-28,0.006307,0.006372999999999999,0.005964,0.006187,1980,2442720
310,2017-02-27,0.006032,0.006546,0.006016,0.0063030000000000004,2190,2336030
311,2017-02-26,0.006132,0.006354,0.006004,0.006039,1301,2374250
312,2017-02-25,0.006157,0.006379999999999999,0.005825,0.006129,7512,2383610
313,2017-02-24,0.006220000000000001,0.006517,0.005940999999999999,0.006174,3085,2407670
314,2017-02-23,0.00595,0.006755,0.00595,0.006188,2926,2302930
315,2017-02-22,0.006374,0.006412,0.005823,0.005951,2776,2466560
316,2017-02-21,0.006354,0.006456,0.006141,0.006377000000000001,2471,2458270
317,2017-02-20,0.006568000000000001,0.0068790000000000006,0.006044,0.006358,7689,2540740
318,2017-02-19,0.006847,0.006847,0.006492,0.006562999999999999,987,2647850
319,2017-02-18,0.007373,0.007613,0.006719,0.006845,3812,2850290
320,2017-02-17,0.007293000000000001,0.007673,0.007137,0.007331,5495,2818100
321,2017-02-16,0.007381,0.007645999999999999,0.007070999999999999,0.007297,3532,2850460
322,2017-02-15,0.006992,0.007511,0.006992,0.007379999999999999,1620,2699810
323,2017-02-14,0.0070290000000000005,0.0072959999999999995,0.00695,0.00698,768,2714200
324,2017-02-13,0.0071909999999999995,0.0072959999999999995,0.0067870000000000005,0.007168000000000001,2158,2776510
325,2017-02-12,0.007359,0.007398999999999999,0.007006999999999999,0.007194,1252,2840990
326,2017-02-11,0.007139,0.007525,0.006911,0.00731,1864,2755920
327,2017-02-10,0.007186,0.007306,0.006670999999999999,0.007278,1758,2773760
328,2017-02-09,0.008085,0.008176000000000001,0.006481000000000001,0.007176999999999999,5650,3120160
329,2017-02-08,0.007455,0.007926,0.00703,0.007906999999999999,3367,2876880
330,2017-02-07,0.007418999999999999,0.0077870000000000005,0.007033,0.007448000000000001,3370,2862630
331,2017-02-06,0.007104000000000001,0.007848,0.006903,0.007405,5335,2740530
332,2017-02-05,0.007970999999999999,0.008227,0.006828,0.007087,12249,3074870
333,2017-02-04,0.006702,0.009379,0.006502,0.008004,21358,2584960
334,2017-02-03,0.006825,0.007247,0.006529999999999999,0.006684999999999999,3944,2632470
335,2017-02-02,0.006873000000000001,0.007141,0.006647,0.006818,4338,2650660
336,2017-02-01,0.00687,0.006993999999999999,0.006654,0.006874,1259,2649270
337,2017-01-31,0.006889,0.007108,0.006619,0.006906,5125,2655870
338,2017-01-30,0.006895,0.007084999999999999,0.005906000000000001,0.0068909999999999996,6012,2658250
339,2017-01-29,0.007072,0.007408,0.006869,0.00688,1841,2726130
340,2017-01-28,0.0074849999999999995,0.007486,0.006887000000000001,0.0070290000000000005,5800,2885150
341,2017-01-27,0.00685,0.008753,0.006847,0.0074849999999999995,20135,2640140
342,2017-01-26,0.006422,0.008567,0.006097,0.006842,30919,2475010
343,2017-01-25,0.005691,0.006509,0.005685,0.006455,7104,2193030
344,2017-01-24,0.005907,0.005983,0.005584,0.005688,1983,2275980
345,2017-01-23,0.00555,0.006166,0.005509,0.005926,6992,2138100
346,2017-01-22,0.005516,0.005598,0.0054020000000000006,0.005543,1399,2125060
347,2017-01-21,0.005419,0.00565,0.00526,0.005516,2733,2087180
348,2017-01-20,0.005418,0.005435,0.005318,0.005419,591,2086830
349,2017-01-19,0.005652,0.005712,0.00533,0.00542,2050,2176920
350,2017-01-18,0.005658,0.005828,0.005431,0.005629,730,2178990
351,2017-01-17,0.005567,0.005776,0.0053100000000000005,0.0056549999999999994,2588,2143650
352,2017-01-16,0.0052380000000000005,0.006018,0.004712,0.005566,5607,2016600
353,2017-01-15,0.00515,0.005384000000000001,0.0050409999999999995,0.0052380000000000005,2003,1982690
354,2017-01-14,0.005291,0.005413,0.004896,0.005144,1519,2036950
355,2017-01-13,0.0052450000000000005,0.005363000000000001,0.005031,0.0052840000000000005,736,2018880
356,2017-01-12,0.004804999999999999,0.005325,0.004653,0.005242,749,1849130
357,2017-01-11,0.005383,0.005787,0.004633,0.0048119999999999994,724,2071500
358,2017-01-10,0.005335,0.00554,0.00533,0.005383,1098,2052940
359,2017-01-09,0.005397,0.005484,0.005195,0.005338,519,2076700
360,2017-01-08,0.005243,0.005587,0.005243,0.00539,1277,2017020
361,2017-01-07,0.005307,0.005563,0.004855,0.005311,2119,2041720
362,2017-01-06,0.0058460000000000005,0.006104,0.005132,0.0053,792,2248730
363,2017-01-05,0.006936,0.007143000000000001,0.005252000000000001,0.00583,1727,2667670
364,2017-01-04,0.006587999999999999,0.007018000000000001,0.005959000000000001,0.006929,10939,2533540
365,2017-01-03,0.007238,0.0074849999999999995,0.0060869999999999995,0.00659,12618,2783140
366,2017-01-02,0.007481999999999999,0.0077859999999999995,0.00716,0.0071719999999999996,1595,2876840
367,2017-01-01,0.007243,0.007722,0.006963,0.007478,7962,2784460
368,2016-12-31,0.005882,0.007503,0.005749,0.0072510000000000005,5451,2261130
369,2016-12-30,0.006164,0.006193,0.005742000000000001,0.005818,1047,2369080
370,2016-12-29,0.005113,0.006899,0.00507,0.006146,7941,1965080
371,2016-12-28,0.005242,0.005397,0.005047,0.005113,820,2014150
372,2016-12-27,0.004984000000000001,0.005391,0.00484,0.005239,557,1914920
373,2016-12-26,0.004654999999999999,0.004984000000000001,0.004409000000000001,0.004981,3276,1788560
374,2016-12-25,0.00464,0.004861,0.004514,0.004657,392,1782430
375,2016-12-24,0.0047729999999999995,0.004817,0.004482,0.004638000000000001,228,1833340
376,2016-12-23,0.0043619999999999996,0.0047810000000000005,0.0042,0.00477,2058,1675270
377,2016-12-22,0.004752,0.004794,0.004314,0.0043630000000000006,2064,1825040
378,2016-12-21,0.0046229999999999995,0.0047539999999999995,0.00458,0.00474,1148,1775360
379,2016-12-20,0.004588,0.00479,0.004518,0.004625,629,1761810
380,2016-12-19,0.004678,0.004786,0.004372,0.004589,3370,1795920
381,2016-12-18,0.004869,0.0061530000000000005,0.004634,0.004676,18860,1869440
382,2016-12-17,0.004693,0.0049039999999999995,0.004661,0.004869,1979,1801640
383,2016-12-16,0.004758,0.004987,0.004693,0.004693,2383,1826220
384,2016-12-15,0.00475,0.004924,0.004626,0.004767,2010,1822900
385,2016-12-14,0.004838,0.005009,0.00463,0.004748,284,1856680
386,2016-12-13,0.0048850000000000005,0.005007,0.004621,0.004843,831,1874480
387,2016-12-12,0.0047350000000000005,0.004998,0.004673,0.0048850000000000005,1483,1816690
388,2016-12-11,0.004682,0.004759,0.00465,0.004733,259,1796480
389,2016-12-10,0.0048270000000000006,0.004905,0.004645000000000001,0.004682,1116,1851670
390,2016-12-09,0.004,0.004877,0.004,0.004825,4019,1534330
391,2016-12-08,0.004393,0.004418,0.003988,0.003988,1543,1684560
392,2016-12-07,0.004444,0.004538,0.004136,0.004392,2380,1704080
393,2016-12-06,0.004027,0.004759,0.003853,0.004444,7447,1544050
394,2016-12-05,0.004159,0.004178,0.003751,0.004027,2154,1594360
395,2016-12-04,0.004305,0.004368,0.003922,0.004118,1358,1650330
396,2016-12-03,0.004311,0.004358,0.004174000000000001,0.004304,665,1652510
397,2016-12-02,0.0044020000000000005,0.004525,0.004211,0.004309,3054,1687440
398,2016-12-01,0.0042710000000000005,0.004431,0.00421,0.004372999999999999,1212,1636770
399,2016-11-30,0.004596,0.0046,0.004253,0.0042710000000000005,2625,1761100
400,2016-11-29,0.004563,0.004683,0.004479,0.0045969999999999995,1217,1748310
401,2016-11-28,0.004446,0.0045780000000000005,0.004444,0.004564,242,1703320
402,2016-11-27,0.004584,0.004698,0.00443,0.0044469999999999996,1572,1756050
403,2016-11-26,0.004457,0.0047409999999999996,0.004381,0.0045850000000000005,959,1707180
404,2016-11-25,0.004266,0.00464,0.004123,0.004456,1302,1634140
405,2016-11-24,0.004503,0.004627,0.0041979999999999995,0.004267,859,1724770
406,2016-11-23,0.004515,0.0045590000000000006,0.004324000000000001,0.004503,812,1729160
407,2016-11-22,0.00455,0.004804,0.004489,0.004515,854,1742270
408,2016-11-21,0.00445,0.00479,0.004378,0.0045520000000000005,438,1704160
409,2016-11-20,0.004548,0.004833,0.004318,0.00445,1154,1741310
410,2016-11-19,0.004392,0.005,0.004392,0.00454,1083,1681380
411,2016-11-18,0.004282,0.004523,0.004149,0.004393,683,1639370
412,2016-11-17,0.004374,0.004546,0.004098,0.004218,759,1674190
413,2016-11-16,0.004477,0.0046240000000000005,0.004214,0.004374,2322,1713500
414,2016-11-15,0.004463,0.004654,0.004304,0.004479,2721,1708310
415,2016-11-14,0.004547,0.004605,0.004372999999999999,0.004461,1418,1740190
416,2016-11-13,0.004915,0.004917,0.004453,0.004547,1341,1881070
417,2016-11-12,0.004738,0.0049310000000000005,0.004468,0.004915999999999999,2028,1813040
418,2016-11-11,0.005203,0.005213000000000001,0.004625,0.004738,3377,1990670
419,2016-11-10,0.005239,0.0053170000000000005,0.005077,0.005202,1380,2004420
420,2016-11-09,0.005234,0.005306,0.004903,0.005239,887,2002500
421,2016-11-08,0.005295,0.00532,0.004658,0.005236,1864,2025510
422,2016-11-07,0.00584,0.00598,0.005208,0.00526,2368,2233990
423,2016-11-06,0.005515,0.006232,0.005413,0.005748,2543,2109160
424,2016-11-05,0.005339,0.00566,0.005258,0.005515,2387,2041780
425,2016-11-04,0.005384000000000001,0.005714,0.005148,0.005339,1496,2058760
426,2016-11-03,0.005443,0.005619,0.005071,0.005381,1595,2081000
427,2016-11-02,0.005542,0.0055450000000000004,0.005016,0.005263,3963,2118720
428,2016-11-01,0.005838,0.005978,0.004958,0.00554,5651,2231720
429,2016-10-31,0.006425,0.006698000000000001,0.005838,0.005838,2540,2455590
430,2016-10-30,0.006514,0.007035,0.005536999999999999,0.006425,3881,2489210
431,2016-10-29,0.0071319999999999995,0.007223,0.006091,0.006515000000000001,4801,2725030
432,2016-10-28,0.007593000000000001,0.007593000000000001,0.006906999999999999,0.007131,4983,2901020
433,2016-10-27,0.007487000000000001,0.007714,0.007328,0.007589,1923,2859600
434,2016-10-26,0.007592,0.007756,0.007425,0.007495,2149,2899080
435,2016-10-25,0.007692,0.007731999999999999,0.007422,0.007499,2455,2937120
436,2016-10-24,0.007965,0.008098000000000001,0.007684000000000001,0.007697,3564,3041260
437,2016-10-23,0.007790999999999999,0.008003,0.007645,0.007964,722,2974430
438,2016-10-22,0.007812,0.007929,0.007633,0.007784999999999999,1501,2982090
439,2016-10-21,0.007606,0.007831999999999999,0.007437999999999999,0.007717,2682,2903310
440,2016-10-20,0.009597,0.009599,0.0075120000000000004,0.007608,1941,3662920
441,2016-10-19,0.007509999999999999,0.009629,0.00704,0.009597,2091,2866250
442,2016-10-18,0.007673999999999999,0.007792,0.007345,0.007509999999999999,1824,2928520
443,2016-10-17,0.007852,0.008270999999999999,0.00747,0.007673999999999999,7872,2995700
444,2016-10-16,0.007722,0.008232,0.007654,0.007849,3979,2946010
445,2016-10-15,0.008057,0.008535,0.0075780000000000005,0.00772,9122,3073620
446,2016-10-14,0.008024,0.008158,0.007717,0.008057,1865,3060710
447,2016-10-13,0.007539,0.008263,0.007273000000000001,0.008023,7685,2875390
448,2016-10-12,0.007164,0.0076879999999999995,0.007164,0.007537,1417,2732110
449,2016-10-11,0.007451,0.007852,0.007025,0.007693000000000001,4532,2841550
450,2016-10-10,0.007475,0.007706,0.006862,0.007449,8047,2850440
451,2016-10-09,0.007547,0.007744,0.007423000000000001,0.007444,1632,2877460
452,2016-10-08,0.008047,0.008068,0.007186,0.007546,4014,3067910
453,2016-10-07,0.007522,0.008115,0.007459,0.008045,3284,2867710
454,2016-10-06,0.007612000000000001,0.007876000000000001,0.0074010000000000005,0.007522,4226,2901640
455,2016-10-05,0.007527,0.008415,0.00719,0.007612000000000001,5201,2868960
456,2016-10-04,0.007603,0.007857,0.007273000000000001,0.007526000000000001,6767,2897600
457,2016-10-03,0.007568999999999999,0.008175,0.007375,0.007601999999999999,4901,2884620
458,2016-10-02,0.007843000000000001,0.008191,0.00728,0.007476000000000001,8220,2988950
459,2016-10-01,0.007072,0.008665,0.006997,0.007843000000000001,14618,2694670
460,2016-09-30,0.0070030000000000005,0.0073420000000000004,0.006789,0.00713,4570,2668150
461,2016-09-29,0.007193000000000001,0.007423999999999999,0.006939,0.0070019999999999995,6106,2740270
462,2016-09-28,0.007470999999999999,0.0075780000000000005,0.006851,0.007220999999999999,11006,2846030
463,2016-09-27,0.007492,0.007581999999999999,0.007453,0.00747,988,2853960
464,2016-09-26,0.007936,0.007951,0.007436,0.007494,6452,3022510
465,2016-09-25,0.008445999999999999,0.008609,0.007626999999999999,0.007936,9236,3216720
466,2016-09-24,0.0076430000000000005,0.008584,0.007640999999999999,0.008445999999999999,5034,2910490
467,2016-09-23,0.008254000000000001,0.009027,0.0076430000000000005,0.0076430000000000005,22939,3143230
468,2016-09-22,0.008154,0.00859,0.007798,0.008254000000000001,6120,3104680
469,2016-09-21,0.008206999999999999,0.008343999999999999,0.007462000000000001,0.008153,9982,3124860
470,2016-09-20,0.008666,0.008998,0.007976,0.008218000000000001,12604,3299270
471,2016-09-19,0.009068000000000001,0.009170000000000001,0.008475,0.008809,5757,3451660
472,2016-09-18,0.010041,0.01047,0.008916,0.009131,28641,3821730
473,2016-09-17,0.008209000000000001,0.010291,0.008149,0.010241,39633,3124120
474,2016-09-16,0.008251,0.00852,0.007675,0.008208,12912,3139780
475,2016-09-15,0.008799,0.009577,0.007944,0.008251999999999999,16875,3348170
476,2016-09-14,0.008651,0.010526,0.007932999999999999,0.008777,53846,3291760
477,2016-09-13,0.007028,0.010811,0.007025,0.008573,94675,2673700
478,2016-09-12,0.0074459999999999995,0.0076879999999999995,0.0069819999999999995,0.0072829999999999995,12030,2832480
479,2016-09-11,0.007547,0.0077670000000000005,0.007062000000000001,0.007443000000000001,12516,2870600
480,2016-09-10,0.007906,0.008876,0.007005,0.0076370000000000006,44070,3007240
481,2016-09-09,0.013544,0.018449,0.007490999999999999,0.0077150000000000005,339924,5150950
482,2016-09-08,0.005821,0.023103,0.005734,0.015625,511131,2213630
483,2016-09-07,0.005626,0.006093,0.005517,0.005822,1685,2139100
484,2016-09-06,0.005483,0.005818,0.005388,0.005643,4252,2084380
485,2016-09-05,0.005419,0.005997,0.004974,0.005482,6154,2059820
486,2016-09-04,0.005746,0.005997,0.005411,0.005415,2703,2184110
487,2016-09-03,0.005413,0.005714,0.005212,0.005714,1248,2057460
488,2016-09-02,0.005424,0.005522999999999999,0.005209,0.005413,1310,2061150
489,2016-09-01,0.0051340000000000005,0.005496,0.0050880000000000005,0.005423,998,1951130
490,2016-08-31,0.005235,0.005343,0.0050810000000000004,0.0051329999999999995,745,1989200
491,2016-08-30,0.005186,0.005456,0.0050030000000000005,0.005234,1646,1970180
492,2016-08-29,0.005352,0.005572,0.004762,0.005185,3442,2033220
493,2016-08-28,0.0055509999999999995,0.005667,0.005118999999999999,0.005403,1376,2108590
494,2016-08-27,0.005241,0.005887,0.005145,0.005553,789,1990620
495,2016-08-26,0.005012,0.00524,0.004792,0.00524,1312,1903350
496,2016-08-25,0.005173,0.005369,0.004729,0.005012,4139,1964370
497,2016-08-24,0.0052640000000000004,0.005346,0.005077,0.0051719999999999995,914,1998950
498,2016-08-23,0.005412,0.005503,0.004957,0.005266,3063,2054770
499,2016-08-22,0.005784,0.006006,0.005111999999999999,0.005413,3460,2195780
500,2016-08-21,0.005934,0.006067,0.0055969999999999995,0.005785,878,2252500
501,2016-08-20,0.0060539999999999995,0.006246,0.005784,0.005934,1305,2297770
502,2016-08-19,0.005995,0.006311,0.005779,0.006055,4308,2275310
503,2016-08-18,0.006082,0.006092,0.005787,0.005994,742,2307960
504,2016-08-17,0.006051,0.006338,0.005497,0.006084,3804,2295860
505,2016-08-16,0.005768,0.006308,0.005482,0.00605,2537,2188190
506,2016-08-15,0.005777,0.005983,0.005564,0.005765999999999999,2583,2191650
507,2016-08-14,0.006000999999999999,0.006072999999999999,0.005565,0.005776,989,2276400
508,2016-08-13,0.005692,0.006124,0.005676,0.006000999999999999,704,2159130
509,2016-08-12,0.005365,0.005968,0.00534,0.005693,2014,2034420
510,2016-08-11,0.005665,0.005853,0.005332,0.00535,2920,2148250
511,2016-08-10,0.00611,0.00611,0.005586,0.0056630000000000005,1637,2316800
512,2016-08-09,0.005918,0.006065999999999999,0.0057740000000000005,0.005967,1490,2243900
513,2016-08-08,0.006146,0.006414,0.005647999999999999,0.005918,3059,2330030
514,2016-08-07,0.006034,0.006379999999999999,0.005881,0.006146,1825,2286780
515,2016-08-06,0.005718,0.006168,0.005539,0.005957,2602,2167120
516,2016-08-05,0.005121,0.005993,0.005067,0.005722,3514,1940570
517,2016-08-04,0.004971,0.0055439999999999994,0.004831,0.00512,1972,1883530
518,2016-08-03,0.004745,0.0052380000000000005,0.004459,0.004723,2470,1797720
519,2016-08-02,0.0054600000000000004,0.005515,0.00461,0.00472,4044,2068550
520,2016-08-01,0.005311,0.0055969999999999995,0.005151,0.005453,784,2011880
521,2016-07-31,0.005563,0.005804,0.004789,0.005314,4250,2107150
522,2016-07-30,0.005378,0.005732,0.005214,0.005563,906,2036720
523,2016-07-29,0.005538,0.005539,0.00517,0.005296,4805,2096800
524,2016-07-28,0.005592,0.005678,0.005282,0.005539,727,2117110
525,2016-07-27,0.005563,0.005638000000000001,0.005278,0.005591,1164,2106460
526,2016-07-26,0.005446,0.005797999999999999,0.00536,0.005566,1525,2062020
527,2016-07-25,0.005425999999999999,0.005898,0.005313,0.005445,1713,2054210
528,2016-07-24,0.005654,0.0056890000000000005,0.005267,0.005425,4036,2140420
529,2016-07-23,0.005752,0.005907,0.005318,0.0056549999999999994,2256,2177300
530,2016-07-22,0.00609,0.00629,0.0056560000000000004,0.005751,2214,2305030
531,2016-07-21,0.0061,0.006275,0.00591,0.006091,1248,2308880
532,2016-07-20,0.005935,0.006197,0.0059299999999999995,0.006102000000000001,1421,2246020
533,2016-07-19,0.006144,0.0064719999999999995,0.005928,0.005935,883,2325040
534,2016-07-18,0.0064,0.006827,0.005951,0.006136,3575,2421630
535,2016-07-17,0.006443000000000001,0.006788,0.006122,0.0063939999999999995,2132,2437570
536,2016-07-16,0.006251,0.006513,0.006012,0.006456999999999999,1513,2364420
537,2016-07-15,0.0058,0.006418999999999999,0.005646,0.006418999999999999,5742,2193620
538,2016-07-14,0.005927,0.006416,0.005628,0.005832,5143,2241750
539,2016-07-13,0.006125,0.006311,0.005422,0.005938000000000001,2420,2316500
540,2016-07-12,0.005999,0.0066489999999999995,0.0059229999999999994,0.006125,2137,2268610
541,2016-07-11,0.006194,0.006437999999999999,0.005961999999999999,0.005999,1249,2342180
542,2016-07-10,0.006346,0.006659999999999999,0.006019,0.0061979999999999995,2680,2399480
543,2016-07-09,0.006829000000000001,0.006829000000000001,0.005581,0.006346,4063,2581580
544,2016-07-08,0.006626000000000001,0.006967,0.006256,0.00683,1282,2504820
545,2016-07-07,0.0069310000000000005,0.007128,0.005952000000000001,0.0066170000000000005,2077,2619880
546,2016-07-06,0.006141,0.008328,0.0059039999999999995,0.007017,20040,2320830
547,2016-07-05,0.006007,0.0066159999999999995,0.005645000000000001,0.00614,3441,2269810
548,2016-07-04,0.005983,0.006171,0.0055119999999999995,0.006004,1997,2260610
549,2016-07-03,0.006239,0.00625,0.005323,0.005723,474,2357050
550,2016-07-02,0.005765999999999999,0.006235,0.005764,0.006235,770,2178230
551,2016-07-01,0.0054670000000000005,0.0061259999999999995,0.00539,0.005763,3331,2065190
552,2016-06-30,0.005875,0.006085,0.005411,0.005473,2497,2218920
553,2016-06-29,0.005748,0.005913,0.005482,0.005873,540,2170800
554,2016-06-28,0.005755,0.006056000000000001,0.005677000000000001,0.005749,2928,2173330
555,2016-06-27,0.005638000000000001,0.006279,0.005559000000000001,0.0057009999999999995,2911,2128920
556,2016-06-26,0.006149,0.006492,0.00558,0.005644,509,2321820
557,2016-06-25,0.0054020000000000006,0.006215,0.0054009999999999996,0.006151,278,2039420
558,2016-06-24,0.005784,0.0062,0.005162,0.005415,783,2183620
559,2016-06-23,0.005539,0.0064670000000000005,0.004988,0.005783,1452,2090950
560,2016-06-22,0.0057929999999999995,0.006084,0.005427,0.005465,4078,2186660
561,2016-06-21,0.007425,0.007425,0.005542,0.005786,2712,2802830
562,2016-06-20,0.006789,0.007609,0.006406,0.007426,3312,2562320
563,2016-06-19,0.006663,0.007559000000000001,0.006551,0.007012999999999999,1078,2514690
564,2016-06-18,0.00728,0.007826999999999999,0.006302,0.006811,5338,2747100
565,2016-06-17,0.0074849999999999995,0.007781000000000001,0.00698,0.007285,773,2824240
566,2016-06-16,0.0077540000000000005,0.00807,0.007039,0.007483,1038,2925660
567,2016-06-15,0.006945999999999999,0.007945,0.006817,0.007755,4059,2620360
568,2016-06-14,0.007435,0.007532,0.006925,0.006948,387,2804860
569,2016-06-13,0.0074540000000000006,0.008020000000000001,0.006938,0.007435,531,2811770
570,2016-06-12,0.007256,0.00784,0.006439,0.007449,2984,2736740
571,2016-06-11,0.006829000000000001,0.007741,0.006599,0.007259999999999999,1524,2575550
572,2016-06-10,0.006681,0.007406,0.006497,0.006794,373,2519410
573,2016-06-09,0.006509999999999999,0.0071010000000000005,0.006306,0.006681,780,2454650
574,2016-06-08,0.00648,0.00659,0.00629,0.006512,587,2442960
575,2016-06-07,0.006404000000000001,0.006675,0.006326,0.00647,728,2414220
576,2016-06-06,0.005649,0.006509,0.005645000000000001,0.006354,614,2129390
577,2016-06-05,0.006579000000000001,0.006866,0.0056560000000000004,0.0056560000000000004,1928,2479710
578,2016-06-04,0.006529000000000001,0.006991,0.00644,0.006585,429,2460860
579,2016-06-03,0.006423000000000001,0.006855,0.006201,0.006626000000000001,882,2420500
580,2016-06-02,0.006470999999999999,0.006631999999999999,0.005833,0.006423000000000001,337,2438410
581,2016-06-01,0.006495999999999999,0.0071849999999999995,0.005867,0.0065060000000000005,1115,2447650
582,2016-05-31,0.006057,0.006876999999999999,0.005497999999999999,0.006497,3669,2281900
583,2016-05-30,0.005953,0.006342,0.005135,0.006065999999999999,3331,2242670
584,2016-05-29,0.007072,0.007301,0.005947,0.005947,3944,2663870
585,2016-05-28,0.006881999999999999,0.007534000000000001,0.0066549999999999995,0.007079,1447,2591890
586,2016-05-27,0.006889,0.0071849999999999995,0.006606999999999999,0.006886,1031,2593890
587,2016-05-26,0.006675,0.007098,0.006585,0.006887999999999999,656,2513390
588,2016-05-25,0.006684999999999999,0.007076000000000001,0.0065379999999999995,0.006673999999999999,1627,2516880
589,2016-05-24,0.0074,0.007453,0.006606,0.006686,3395,2785850
590,2016-05-23,0.0075,0.007585,0.0071730000000000006,0.007377,871,2823140
591,2016-05-22,0.007275,0.007515999999999999,0.007092,0.007502,617,2738160
592,2016-05-21,0.006968000000000001,0.007453,0.006807,0.007275,625,2622330
593,2016-05-20,0.007867,0.007911,0.006498,0.006964,6547,2960260
594,2016-05-19,0.007998,0.008343999999999999,0.0076549999999999995,0.007883,2845,3009270
595,2016-05-18,0.007708,0.008020000000000001,0.007155,0.007999,639,2900020
596,2016-05-17,0.008004,0.008004,0.007548999999999999,0.007709000000000001,131,3010960
597,2016-05-16,0.007725,0.008014,0.007392,0.008006000000000001,930,2905680
598,2016-05-15,0.007763,0.007935,0.007706,0.007726,106,2919850
599,2016-05-14,0.007719,0.00787,0.007648,0.007763,428,2903270
600,2016-05-13,0.007879,0.007879,0.007520000000000001,0.007719,533,2963190
601,2016-05-12,0.007236,0.007882,0.0067989999999999995,0.007879,844,2720890
602,2016-05-11,0.007364,0.007427,0.006476999999999999,0.007234999999999999,237,2769000
603,2016-05-10,0.007349,0.007686,0.005275,0.007359999999999999,1109,2763230
604,2016-05-09,0.007474,0.007691,0.007047,0.007349,634,2809650
605,2016-05-08,0.007737000000000001,0.007737000000000001,0.005748,0.007474,1974,2908450
606,2016-05-07,0.007765,0.007914000000000001,0.00701,0.007735,1499,2918570
607,2016-05-06,0.007896,0.008615000000000001,0.007227,0.0077670000000000005,3237,2967530
608,2016-05-05,0.007723999999999999,0.008519,0.007722,0.007896,648,2902620
609,2016-05-04,0.007897,0.00842,0.007716,0.007722,1185,2967700
610,2016-05-03,0.008005,0.008723,0.0074659999999999995,0.007975,2453,3007960
611,2016-05-02,0.007904000000000001,0.008546,0.007696,0.008168,1902,2969520
612,2016-05-01,0.007670000000000001,0.008112000000000001,0.007670000000000001,0.0079,451,2881170
613,2016-04-30,0.008065000000000001,0.008084000000000001,0.007638,0.007668,1901,3029370
614,2016-04-29,0.007911,0.008858,0.007790000000000001,0.008067,2596,2971420
615,2016-04-28,0.008004,0.008232999999999999,0.007658,0.007912,690,3006130
616,2016-04-27,0.008464,0.008723,0.007994,0.007994,764,3178620
617,2016-04-26,0.009554,0.009699,0.008291,0.008453,1551,3587490
618,2016-04-25,0.008962999999999999,0.009770000000000001,0.008928,0.009572,1945,3365320
619,2016-04-24,0.008867,0.008988,0.0087,0.008965,484,3329000
620,2016-04-23,0.00902,0.009059999999999999,0.008408,0.008864,1147,3385950
621,2016-04-22,0.009034,0.009279,0.008912999999999999,0.00903,978,3390720
622,2016-04-21,0.008616,0.009031,0.008595,0.009031,2622,3233760
623,2016-04-20,0.008652,0.008787,0.008140000000000001,0.008617,4087,3246970
624,2016-04-19,0.009173,0.009179999999999999,0.008027,0.008653000000000001,2024,3442060
625,2016-04-18,0.009195,0.009434999999999999,0.009105,0.009188,1177,3449980
626,2016-04-17,0.009373999999999999,0.00954,0.008728,0.009193000000000002,1955,3516680
627,2016-04-16,0.009715999999999999,0.009962,0.008909,0.009370999999999999,2895,3644970
628,2016-04-15,0.010068,0.010221,0.009134999999999999,0.009717,1565,3776600
629,2016-04-14,0.009434,0.010068,0.009174,0.010065000000000001,2111,3538420
630,2016-04-13,0.008874,0.010154999999999999,0.00881,0.009434999999999999,1077,3328210
631,2016-04-12,0.008726000000000001,0.009183,0.008726000000000001,0.008878,714,3272170
632,2016-04-11,0.009837,0.010048999999999999,0.007614,0.008723,9285,3688720
633,2016-04-10,0.01084,0.01094,0.009524,0.009836,4720,4064560
634,2016-04-09,0.01045,0.011053,0.010316,0.010838,867,3917800
635,2016-04-08,0.010556,0.010898999999999999,0.010101,0.010447,2139,3957550
636,2016-04-07,0.010664,0.011314,0.010398000000000001,0.010554000000000001,1960,3997080
637,2016-04-06,0.011255,0.011366,0.010456,0.010662,1406,4218270
638,2016-04-05,0.011683,0.011839,0.011005,0.011254,4215,4378330
639,2016-04-04,0.011381,0.012139,0.011352,0.011767,3056,4265030
640,2016-04-03,0.011734,0.012098999999999999,0.01138,0.01138,2020,4396810
641,2016-04-02,0.011886,0.012443000000000001,0.011256,0.011423,2622,4453220
642,2016-04-01,0.012131999999999999,0.012509000000000001,0.011361,0.011881999999999998,2254,4545110
643,2016-03-31,0.012287000000000001,0.012458,0.011994,0.012133,3486,4602790
644,2016-03-30,0.012478,0.01259,0.012242,0.012288,3326,4674270
645,2016-03-29,0.012423,0.012740999999999999,0.012059,0.012477,4953,4653190
646,2016-03-28,0.012754999999999999,0.01284,0.011962,0.012419,3915,4777130
647,2016-03-27,0.01138,0.012761,0.01121,0.012761,9669,4261700
648,2016-03-26,0.011405,0.011834,0.011085,0.01138,3417,4270730
649,2016-03-25,0.011256,0.011867,0.011048,0.011406,6543,4214470
650,2016-03-24,0.011032,0.014058000000000001,0.010320000000000001,0.011273,46031,4130210
651,2016-03-23,0.010369,0.011276999999999999,0.009518,0.010939,10802,3881810
652,2016-03-22,0.012364,0.012364,0.009237,0.010367,16963,4628260
653,2016-03-21,0.014103000000000001,0.014481,0.011131,0.012364,44428,5278960
654,2016-03-20,0.007453,0.033504,0.007445,0.014112000000000001,238480,2789290
655,2016-03-19,0.007363,0.007934,0.0070420000000000005,0.007609,939,2755460
656,2016-03-18,0.006977,0.008259,0.0067209999999999995,0.007369,4240,2610840
657,2016-03-17,0.007520000000000001,0.007536,0.006975,0.006978,2181,2813750
658,2016-03-16,0.007141,0.007606,0.007109999999999999,0.007520999999999999,2096,2671530
659,2016-03-15,0.007513,0.007513,0.0070480000000000004,0.007139,907,2810660
660,2016-03-14,0.007403,0.00762,0.007081999999999999,0.007518,496,2769110
661,2016-03-13,0.007245999999999999,0.008186,0.006402,0.006402,5337,2710070
662,2016-03-12,0.007223,0.007859,0.006701,0.007248999999999999,2367,2700610
663,2016-03-11,0.008273,0.008465,0.007213,0.007220999999999999,2654,3093360
664,2016-03-10,0.00812,0.008667,0.008118,0.008273,2027,3036070
665,2016-03-09,0.007281999999999999,0.008561,0.007078,0.008118,3625,2722650
666,2016-03-08,0.006057,0.007817000000000001,0.005995,0.006843000000000001,6251,2264310
667,2016-03-07,0.005878,0.006121,0.005593,0.00606,1266,2197230
668,2016-03-06,0.005827000000000001,0.006111,0.005765999999999999,0.005876,483,2177790
669,2016-03-05,0.00588,0.0064540000000000005,0.005093,0.005850999999999999,2336,2197410
670,2016-03-04,0.006146,0.006379,0.0053479999999999995,0.005886,1345,2296340
671,2016-03-03,0.006333,0.006385,0.005312,0.006144,1384,2366150
672,2016-03-02,0.0064150000000000006,0.0068579999999999995,0.005922,0.006340999999999999,1365,2396540
673,2016-03-01,0.006069,0.006889,0.00601,0.006414,1157,2267050
674,2016-02-29,0.006037,0.006665000000000001,0.005441,0.006075,1310,2255070
675,2016-02-28,0.005866,0.006313,0.005557,0.006075,709,2190930
676,2016-02-27,0.005841,0.005883,0.00547,0.00588,376,2181290
677,2016-02-26,0.005507,0.005825,0.005419,0.005825,397,2056440
678,2016-02-25,0.005275,0.005507,0.0051270000000000005,0.005507,583,1969870
679,2016-02-24,0.005336,0.005384000000000001,0.0050810000000000004,0.0052770000000000004,242,1992470
680,2016-02-23,0.0054,0.005934,0.005167000000000001,0.005336,505,2016050
681,2016-02-22,0.005156,0.006062,0.004767,0.005392,619,1924940
682,2016-02-21,0.005649,0.00586,0.005037,0.005155,510,2108730
683,2016-02-20,0.005222,0.005714,0.004926,0.005664,1118,1949030
684,2016-02-19,0.005825,0.005835,0.005025,0.005222,1067,2173680
685,2016-02-18,0.006229,0.006333,0.005559000000000001,0.005824,1205,2324220
686,2016-02-17,0.005877,0.00644,0.005786,0.006228,1235,2192790
687,2016-02-16,0.005542,0.006292,0.005542,0.005877,1639,2067600
688,2016-02-15,0.005707,0.006304,0.005490999999999999,0.0055439999999999994,1948,2129050
689,2016-02-14,0.005478,0.0057009999999999995,0.005476,0.0057009999999999995,1563,2043560
690,2016-02-13,0.00543,0.005493,0.005248,0.005464,722,2025310
691,2016-02-12,0.005324000000000001,0.0054280000000000005,0.005228,0.0054280000000000005,1393,1985560
692,2016-02-11,0.005318,0.0054,0.0038619999999999995,0.005323,2823,1983510
693,2016-02-10,0.0055899999999999995,0.006169,0.004994,0.005318,3188,2084700
694,2016-02-09,0.005777,0.005869,0.005279,0.005591,1038,2153980
695,2016-02-08,0.00575,0.005971,0.005599,0.005776,681,2143740
696,2016-02-07,0.005622,0.005913,0.005527000000000001,0.005749,513,2096160
697,2016-02-06,0.0060090000000000005,0.006011,0.004353,0.005622,2426,2240110
698,2016-02-05,0.005845,0.006064,0.005769,0.0060030000000000005,934,2178840
699,2016-02-04,0.005638000000000001,0.006204,0.005103,0.005845,2419,2101620
700,2016-02-03,0.005622,0.005775,0.005292,0.005639,1359,2095470
701,2016-02-02,0.005558,0.005673,0.005291,0.005622,448,2071420
702,2016-02-01,0.0058649999999999996,0.005901,0.005268,0.005548,1233,2185620
703,2016-01-31,0.005836,0.0061719999999999995,0.0057740000000000005,0.005864,456,2174480
704,2016-01-30,0.00569,0.005863,0.005581,0.005835,442,2119810
705,2016-01-29,0.005974,0.006045,0.005465,0.005696,2576,2225520
706,2016-01-28,0.0063289999999999996,0.006343,0.00595,0.005974,569,2357560
707,2016-01-27,0.006640999999999999,0.006647,0.006002,0.006332,2008,2473330
708,2016-01-26,0.0062759999999999995,0.006803,0.0061,0.006645,2066,2337140
709,2016-01-25,0.006778,0.006783,0.006215999999999999,0.006268,2621,2524110
710,2016-01-24,0.0066159999999999995,0.007039,0.006497,0.006781999999999999,381,2463530
711,2016-01-23,0.00629,0.00685,0.00605,0.006620999999999999,1954,2341800
712,2016-01-22,0.0072299999999999994,0.007233,0.005966,0.006286,3284,2691590
713,2016-01-21,0.007679000000000001,0.007739,0.007176,0.007209,376,2858440
714,2016-01-20,0.007146,0.007783,0.007004000000000001,0.007719,1197,2659600
715,2016-01-19,0.007479,0.007718000000000001,0.007059,0.007162999999999999,1675,2783320
716,2016-01-18,0.007666,0.008748,0.0073290000000000004,0.007475,6265,2852410
717,2016-01-17,0.0070030000000000005,0.0077599999999999995,0.006659,0.007683,759,2605470
718,2016-01-16,0.006885,0.007488,0.006520000000000001,0.007088,3080,2561490
719,2016-01-15,0.007375,0.007624,0.00689,0.0069099999999999995,3156,2743540
720,2016-01-14,0.007677,0.007677,0.0071010000000000005,0.007376000000000001,1222,2855640
721,2016-01-13,0.007835,0.007835,0.006451,0.007677,3125,2914210
722,2016-01-12,0.008151,0.008492,0.006673999999999999,0.007921,4256,3031480
723,2016-01-11,0.00852,0.00852,0.008092,0.008153,460,3168520
724,2016-01-10,0.008524,0.008525,0.007698999999999999,0.008501,2584,3169610
725,2016-01-09,0.008887,0.009043,0.007978,0.008512,2094,3304200
726,2016-01-08,0.009173,0.009224,0.008740000000000001,0.008889,5058,3410130
727,2016-01-07,0.008502,0.009187,0.008487999999999999,0.009173,3362,3160440
728,2016-01-06,0.008822,0.008822,0.008176000000000001,0.008506999999999999,2687,3278960
729,2016-01-05,0.008489,0.008822,0.00838,0.008822,1140,3155040
730,2016-01-04,0.008631999999999999,0.008862,0.008232,0.008490000000000001,3686,3207700
731,2016-01-03,0.009041,0.009044,0.008579,0.008629000000000001,257,3359520
732,2016-01-02,0.008783,0.009099,0.008338,0.009039,1146,3262940
733,2016-01-01,0.008627,0.008904,0.00828,0.008775,2095,3204680
734,2015-12-31,0.008722,0.008735,0.008292,0.008626,467,3239690
735,2015-12-30,0.008515,0.008929000000000001,0.008411,0.008717,1819,3162620
736,2015-12-29,0.008591,0.008722,0.007939,0.008502,3893,3190500
737,2015-12-28,0.008952,0.009072,0.007834,0.008592,3733,3324240
738,2015-12-27,0.00866,0.008975,0.008062999999999999,0.008937,1643,3215660
739,2015-12-26,0.009568,0.009687000000000001,0.007812999999999999,0.008672,3414,3552400
740,2015-12-25,0.009609,0.009682,0.008451,0.009563,2582,3567470
741,2015-12-24,0.009106999999999999,0.009670999999999999,0.008997,0.009612,624,3380530
742,2015-12-23,0.008891,0.009278,0.008425,0.009101,4267,3300190
743,2015-12-22,0.009165000000000001,0.009266,0.008633,0.008905,3133,3401580
744,2015-12-21,0.009008,0.009170999999999999,0.008491,0.009012000000000001,4770,3342940
745,2015-12-20,0.011154,0.011163,0.008803,0.009002,4375,4138940
746,2015-12-19,0.011040000000000001,0.011384,0.010997,0.01115,1211,4096290
747,2015-12-18,0.01145,0.012004,0.011016,0.011041,2915,4247910
748,2015-12-17,0.009966,0.012212,0.009681,0.011461,7708,3697230
749,2015-12-16,0.009533,0.010105,0.00915,0.009904999999999999,5438,3536270
750,2015-12-15,0.009295999999999999,0.009770000000000001,0.008971999999999999,0.009533,5770,3447940
751,2015-12-14,0.009869,0.010112000000000001,0.008806,0.009299,10408,3660140
752,2015-12-13,0.010062999999999999,0.01015,0.009261,0.009891,2416,3731860
753,2015-12-12,0.009586,0.010218999999999999,0.008754000000000001,0.010084000000000001,8441,3554710
754,2015-12-11,0.010215,0.010877,0.009349,0.009559999999999999,7334,3787430
755,2015-12-10,0.011023999999999999,0.011058,0.010053,0.010218000000000001,2327,4086840
756,2015-12-09,0.012637,0.012637,0.010593,0.011016,6352,4684360
757,2015-12-08,0.012401,0.012791,0.010402,0.012702,9723,4596610
758,2015-12-07,0.012444,0.01291,0.012272,0.012375,1747,4612210
759,2015-12-06,0.012832,0.013115,0.012278,0.012519,2425,4755390
760,2015-12-05,0.012189,0.013036,0.011695,0.012837999999999999,1712,4516680
761,2015-12-04,0.012088,0.012197,0.011431,0.012189,1256,4478790
762,2015-12-03,0.012029999999999999,0.01241,0.011602,0.01209,1489,4457150
763,2015-12-02,0.011936,0.012062,0.011420999999999999,0.011922,2527,4421980
764,2015-12-01,0.013125,0.013169,0.011425,0.011912,8851,4861810
765,2015-11-30,0.013171,0.013415999999999999,0.012018000000000001,0.013123,15643,4878430
766,2015-11-29,0.012588,0.013130000000000001,0.012286,0.013047,4461,4662300
767,2015-11-28,0.012287000000000001,0.012802000000000001,0.011932,0.012572,12010,4550460
768,2015-11-27,0.012385,0.012623,0.01182,0.012331,11578,4586540
769,2015-11-26,0.011637,0.012518000000000001,0.010731999999999998,0.012385,14131,4309120
770,2015-11-25,0.010814,0.011640000000000001,0.010457,0.011640000000000001,6454,4003900
771,2015-11-24,0.010449,0.0109,0.010097,0.010814,3199,3868610
772,2015-11-23,0.0111,0.01122,0.010081999999999999,0.010448,4584,4109220
773,2015-11-22,0.010679000000000001,0.010981999999999999,0.010501,0.01098,1908,3953150
774,2015-11-21,0.010667,0.010879999999999999,0.010287000000000001,0.01067,4066,3948620
775,2015-11-20,0.011134999999999999,0.011237,0.010311,0.010671,4857,4121660
776,2015-11-19,0.01089,0.011313,0.010627,0.011129,5792,4029520
777,2015-11-18,0.010676,0.010952,0.010525,0.010887,4074,3949760
778,2015-11-17,0.010461,0.01072,0.010138,0.01069,7016,3869750
779,2015-11-16,0.010204000000000001,0.010493,0.009713,0.010459,6545,3774240
780,2015-11-15,0.010084000000000001,0.010651,0.009724,0.010205,12032,3729140
781,2015-11-14,0.010513,0.010601000000000001,0.009168,0.010087,9586,3887500
782,2015-11-13,0.010637,0.010721,0.010268000000000001,0.010502,6905,3932730
783,2015-11-12,0.009329,0.010648000000000001,0.009329,0.010648000000000001,5878,3448620
784,2015-11-11,0.010228000000000001,0.010338,0.00898,0.009326000000000001,2873,3780700
785,2015-11-10,0.011255,0.011413,0.009877,0.010222,4472,4159950
786,2015-11-09,0.011278,0.011665,0.010738,0.011288,2404,4167780
787,2015-11-08,0.011539,0.011777,0.011018,0.01122,3144,4263480
788,2015-11-07,0.011075,0.011739,0.010993000000000001,0.011552,2188,4091650
789,2015-11-06,0.011715999999999999,0.011725,0.010536,0.011056999999999999,3600,4328040
790,2015-11-05,0.012248,0.013453,0.011193,0.011755,12478,4524140
791,2015-11-04,0.012619,0.014963999999999998,0.011502,0.012273000000000001,21434,4660410
792,2015-11-03,0.011235,0.012805,0.010462,0.012575,19133,4148850
793,2015-11-02,0.010223999999999999,0.01142,0.009123000000000001,0.011309,17329,3774930
794,2015-11-01,0.009806,0.010421,0.009686,0.010234,9371,3619760
795,2015-10-31,0.01006,0.010286,0.009762999999999999,0.009774,11029,3713130
796,2015-10-30,0.009319,0.010237000000000001,0.009314,0.010043999999999999,6297,3439390
797,2015-10-29,0.008624,0.009524,0.007716,0.009315,9303,3182420
798,2015-10-28,0.008939,0.009263,0.007986,0.008631999999999999,27077,3298050
799,2015-10-27,0.008298999999999999,0.009181,0.007198,0.008937,14246,3061660
800,2015-10-26,0.008872,0.009586,0.007144,0.008529,23003,3272300
801,2015-10-25,0.007156,0.009537,0.0070290000000000005,0.008551999999999999,12214,2639110
802,2015-10-24,0.005607,0.0073219999999999995,0.005520000000000001,0.007154000000000001,17557,2067540
803,2015-10-23,0.005361,0.005696,0.0051530000000000005,0.005608,10985,1976430
804,2015-10-22,0.005227000000000001,0.005361,0.005111,0.005358,629,1926560
805,2015-10-21,0.005318,0.005333,0.004934,0.005118,4050,1960060
806,2015-10-20,0.004973,0.005336,0.004973,0.005318,4547,1832740
807,2015-10-19,0.0048200000000000005,0.00511,0.0047539999999999995,0.004974,5411,1776160
808,2015-10-18,0.005493,0.0055130000000000005,0.004567,0.004818,10377,2023720
809,2015-10-17,0.004915,0.005495,0.004645000000000001,0.005495,14877,1810500
810,2015-10-16,0.004158,0.00507,0.004064,0.0050219999999999996,9029,1531330
811,2015-10-15,0.0036090000000000002,0.004132,0.0034869999999999996,0.004123,5179,1328940
812,2015-10-14,0.0036229999999999995,0.003743,0.003325,0.003611,1069,1333840
813,2015-10-13,0.003658,0.0036729999999999996,0.0034409999999999996,0.003621,573,1346490
814,2015-10-12,0.0036229999999999995,0.003773,0.003239,0.003658,2026,1333380
815,2015-10-11,0.003585,0.0036340000000000005,0.003414,0.0036229999999999995,1773,1319210
816,2015-10-10,0.003375,0.0039109999999999995,0.0033159999999999995,0.0034049999999999996,6681,1241680
817,2015-10-09,0.0035299999999999997,0.003599,0.002989,0.00339,2821,1298240
818,2015-10-08,0.004613,0.004654999999999999,0.0029739999999999996,0.0035310000000000003,19793,1696370
819,2015-10-07,0.003919,0.004821,0.0037909999999999997,0.004611,12152,1440670
820,2015-10-06,0.003107,0.004038,0.002968,0.003919,14189,1142250
821,2015-10-05,0.002996,0.0037090000000000005,0.002979,0.0032049999999999995,15164,1101110
822,2015-10-04,0.002826,0.0030670000000000003,0.002688,0.002995,4854,1038630
823,2015-10-03,0.002682,0.002908,0.002502,0.002827,6478,985481
824,2015-10-02,0.002378,0.0027719999999999997,0.002375,0.0026829999999999996,3427,873390
825,2015-10-01,0.002226,0.002587,0.002224,0.002378,4343,817378
826,2015-09-30,0.002302,0.0023079999999999997,0.0021620000000000003,0.002226,167,845314
827,2015-09-29,0.0023989999999999997,0.0024460000000000003,0.0022600000000000003,0.002301,371,880902
828,2015-09-28,0.002196,0.0026579999999999998,0.001978,0.0024,4385,805999
829,2015-09-27,0.001966,0.002208,0.0017239999999999998,0.002196,600,721300
830,2015-09-26,0.002166,0.002182,0.0019649999999999997,0.0019649999999999997,411,794501
831,2015-09-25,0.002195,0.002229,0.002111,0.002166,322,805298
832,2015-09-24,0.002041,0.002246,0.001975,0.002195,535,748664
833,2015-09-23,0.0017120000000000002,0.002072,0.0016920000000000001,0.002041,1038,627672
834,2015-09-22,0.001725,0.00182,0.001591,0.0017109999999999998,536,632294
835,2015-09-21,0.0016920000000000001,0.0018510000000000002,0.001616,0.0017230000000000001,1565,620217
836,2015-09-20,0.002397,0.002443,0.0016600000000000002,0.0016920000000000001,3579,878533
837,2015-09-19,0.002726,0.0029530000000000003,0.002381,0.002397,4467,996855
838,2015-09-18,0.002302,0.003136,0.0022559999999999998,0.002727,10708,841650
839,2015-09-17,0.0016940000000000002,0.002735,0.0016920000000000001,0.002302,8482,619236
840,2015-09-16,0.001465,0.001695,0.001464,0.001695,2001,535519
841,2015-09-15,0.001462,0.0016170000000000002,0.001387,0.001465,587,534623
842,2015-09-14,0.001367,0.001515,0.0013369999999999999,0.001464,514,499775
843,2015-09-13,0.001463,0.001467,0.001288,0.001369,480,534754
844,2015-09-12,0.001326,0.001467,0.001254,0.001462,765,484686
845,2015-09-11,0.001301,0.001393,0.0013,0.001326,1358,475768
846,2015-09-10,0.001258,0.001328,0.001194,0.001302,1002,459903
847,2015-09-09,0.001277,0.001277,0.001182,0.001258,509,466876
848,2015-09-08,0.001233,0.00128,0.001222,0.001277,117,450938
849,2015-09-07,0.001198,0.0012900000000000001,0.00117,0.001235,82,438064
850,2015-09-06,0.001227,0.001266,0.001105,0.001199,57,448602
851,2015-09-05,0.001131,0.0013369999999999999,0.000977,0.001227,527,413582
852,2015-09-04,0.0009400000000000001,0.001301,0.000867,0.001169,2225,343502
853,2015-09-03,0.000915,0.000962,0.0009130000000000001,0.0009400000000000001,231,334546
854,2015-09-02,0.000926,0.001073,0.0009119999999999999,0.0009130000000000001,514,338439
855,2015-09-01,0.000889,0.000947,0.0008529999999999999,0.000926,397,324637
856,2015-08-31,0.000921,0.000941,0.000859,0.000889,577,336398
857,2015-08-30,0.0009289999999999999,0.0009570000000000001,0.0008789999999999999,0.0009199999999999999,181,339311
858,2015-08-29,0.0008869999999999999,0.0009369999999999999,0.000872,0.0009289999999999999,557,323821
859,2015-08-28,0.000848,0.0009050000000000001,0.0008029999999999999,0.0008869999999999999,258,309062
860,2015-08-27,0.0008880000000000001,0.000936,0.000778,0.000848,250,323971
861,2015-08-26,0.000917,0.0009519999999999999,0.0008529999999999999,0.0008880000000000001,34,334612
862,2015-08-25,0.000789,0.000919,0.000709,0.000917,490,288061
863,2015-08-24,0.0009,0.0009,0.000763,0.000791,8,328379
864,2015-08-23,0.00073,0.0009429999999999999,0.000717,0.000901,151,266306
865,2015-08-22,0.00093,0.000973,0.000727,0.00073,182,339265
866,2015-08-21,0.0008439999999999999,0.000995,0.0008269999999999999,0.0009310000000000001,653,307839
867,2015-08-20,0.000725,0.000866,0.000725,0.0008439999999999999,73,264190
868,2015-08-19,0.000792,0.0008710000000000001,0.000725,0.000725,169,288808
869,2015-08-18,0.000924,0.00098,0.0007480000000000001,0.0007480000000000001,329,336767
870,2015-08-17,0.000772,0.001016,0.0007700000000000001,0.000924,185,281221
871,2015-08-16,0.0008759999999999999,0.000932,0.000772,0.000772,207,319066
872,2015-08-15,0.000947,0.00095,0.00081,0.0008759999999999999,4,344663
873,2015-08-14,0.000973,0.000978,0.0007769999999999999,0.0009480000000000001,120,354033
874,2015-08-13,0.000938,0.000976,0.000819,0.0009720000000000001,365,341417
875,2015-08-12,0.000924,0.000949,0.00088,0.000938,15,336366
876,2015-08-11,0.0008699999999999999,0.000924,0.00086,0.000924,5,316513
877,2015-08-10,0.000975,0.000982,0.0008289999999999999,0.0008699999999999999,33,354694
878,2015-08-09,0.001188,0.001189,0.000798,0.000975,747,432196
879,2015-08-08,0.000811,0.001245,0.0008039999999999999,0.001185,868,295117
880,2015-08-07,0.0008560000000000001,0.001042,0.000758,0.000865,1834,311500
881,2015-08-06,0.0008060000000000001,0.000857,0.000752,0.0008560000000000001,1065,293335
882,2015-08-05,0.000848,0.000849,0.0007740000000000001,0.0008060000000000001,260,308525
883,2015-08-04,0.00078,0.00085,0.000771,0.000848,231,283833
884,2015-08-03,0.0008179999999999999,0.0008179999999999999,0.00072,0.00078,1707,297366
885,2015-08-02,0.0008359999999999999,0.0008359999999999999,0.000696,0.0008179999999999999,5424,303831
886,2015-08-01,0.000734,0.00084,0.0007019999999999999,0.00084,545,266979
887,2015-07-31,0.000782,0.000858,0.000711,0.000734,418,284449
888,2015-07-30,0.000795,0.000826,0.000723,0.000792,8,288921
889,2015-07-29,0.000831,0.0008560000000000001,0.000734,0.000795,390,301850
890,2015-07-28,0.000796,0.000895,0.0007570000000000001,0.000831,126,289324
891,2015-07-27,0.00078,0.000867,0.000734,0.000796,324,283413
892,2015-07-26,0.000849,0.0008810000000000001,0.000708,0.000868,106,308294
893,2015-07-25,0.0008619999999999999,0.00091,0.0006929999999999999,0.000849,519,312915
894,2015-07-24,0.0008810000000000001,0.0008869999999999999,0.000814,0.0008619999999999999,186,319665
895,2015-07-23,0.000898,0.000901,0.0008410000000000001,0.0008810000000000001,948,326180
896,2015-07-22,0.0008849999999999999,0.0008990000000000001,0.000701,0.000898,296,321344
897,2015-07-21,0.000938,0.000938,0.000696,0.0008849999999999999,312,340349
898,2015-07-20,0.000874,0.000938,0.000807,0.000938,209,317189
899,2015-07-19,0.000893,0.000895,0.000742,0.000874,12,323885
900,2015-07-18,0.000889,0.0008990000000000001,0.000867,0.000893,64,322491
901,2015-07-17,0.000773,0.000895,0.000772,0.000889,118,280249
902,2015-07-16,0.000851,0.0009539999999999999,0.000726,0.000773,34,308524
903,2015-07-15,0.000808,0.000868,0.000795,0.00085,3,292885
904,2015-07-14,0.00078,0.000834,0.0007769999999999999,0.000807,96,282717
905,2015-07-13,0.0009029999999999999,0.000909,0.0007769999999999999,0.00078,157,327336
906,2015-07-12,0.0008609999999999999,0.0009109999999999999,0.0008289999999999999,0.0009029999999999999,670,312174
907,2015-07-11,0.000799,0.000875,0.0007650000000000001,0.0008609999999999999,414,289636
908,2015-07-10,0.000749,0.000824,0.000749,0.000799,96,271442
909,2015-07-09,0.000698,0.000787,0.000698,0.000749,102,252781
910,2015-07-08,0.0007700000000000001,0.000802,0.000691,0.000697,256,278927
911,2015-07-07,0.000755,0.000798,0.000677,0.000772,229,273499
912,2015-07-06,0.000754,0.000833,0.00067,0.000755,616,273176
913,2015-07-05,0.0008359999999999999,0.0008449999999999999,0.00075,0.0007559999999999999,195,5
914,2015-07-04,0.000808,0.000837,0.0007740000000000001,0.000837,11,292693
915,2015-07-03,0.00084,0.0008710000000000001,0.0007639999999999999,0.000808,239,304114
916,2015-07-02,0.000839,0.000863,0.000789,0.00084,338,303515
917,2015-07-01,0.0009220000000000001,0.00093,0.000795,0.000839,161,333702
918,2015-06-30,0.000878,0.000936,0.000786,0.000921,397,317703
919,2015-06-29,0.000695,0.000886,0.0006940000000000001,0.000878,124,251630
920,2015-06-28,0.000843,0.0008900000000000001,0.000695,0.000696,229,304904
921,2015-06-27,0.000898,0.000898,0.000736,0.000843,777,324738
922,2015-06-26,0.000872,0.000904,0.000759,0.000898,375,315262
923,2015-06-25,0.000796,0.0008730000000000001,0.000734,0.000872,431,287757
924,2015-06-24,0.000792,0.0008269999999999999,0.000732,0.000796,136,286479
925,2015-06-23,0.00086,0.000863,0.000767,0.000792,20,310926
926,2015-06-22,0.000863,0.000874,0.000786,0.00086,9,311885
927,2015-06-21,0.000795,0.000865,0.000762,0.000863,252,287334
928,2015-06-20,0.000769,0.000796,0.0007639999999999999,0.000795,63,277897
929,2015-06-19,0.0008449999999999999,0.0008449999999999999,0.0007440000000000001,0.000769,151,305464
930,2015-06-18,0.000807,0.0008460000000000001,0.000786,0.0008449999999999999,85,291528
931,2015-06-17,0.0008320000000000001,0.00086,0.000785,0.000807,47,300429
932,2015-06-16,0.000737,0.000889,0.000718,0.0008320000000000001,261,266220
933,2015-06-15,0.000745,0.000766,0.000698,0.000737,137,268881
934,2015-06-14,0.000752,0.000778,0.000743,0.000745,241,271443
935,2015-06-13,0.000713,0.000763,0.0006940000000000001,0.000752,219,257280
936,2015-06-12,0.000766,0.0007700000000000001,0.000713,0.000713,18,276594
937,2015-06-11,0.000721,0.000766,0.000699,0.000766,176,260168
938,2015-06-10,0.000772,0.000775,0.000705,0.000721,89,278462
939,2015-06-09,0.000718,0.000828,0.000691,0.000772,324,259063
940,2015-06-08,0.000672,0.000714,0.000667,0.000711,57,242570
941,2015-06-07,0.000688,0.0006889999999999999,0.000587,0.000672,127,248098
942,2015-06-06,0.000659,0.0006900000000000001,0.000643,0.0006900000000000001,28,237521
943,2015-06-05,0.0006190000000000001,0.0007,0.000618,0.0006580000000000001,41,223118
944,2015-06-04,0.000715,0.0007379999999999999,0.0006190000000000001,0.0006190000000000001,181,257908
945,2015-06-03,0.000698,0.0007610000000000001,0.000659,0.000715,196,251575
946,2015-06-02,0.000736,0.000754,0.000642,0.000698,493,265421
947,2015-06-01,0.0007160000000000001,0.000797,0.000616,0.000736,417,258176
948,2015-05-31,0.000755,0.0008380000000000001,0.000657,0.0007160000000000001,781,271997
949,2015-05-30,0.000735,0.000781,0.000728,0.000755,264,264685
950,2015-05-29,0.00073,0.000767,0.000583,0.000734,324,262835
951,2015-05-28,0.000714,0.00086,0.0006929999999999999,0.00073,115,257116
952,2015-05-27,0.000686,0.000921,0.000686,0.000714,248,245902
953,2015-05-26,0.000676,0.000776,0.000656,0.000686,24,242147
954,2015-05-25,0.0008529999999999999,0.0008550000000000001,0.000676,0.0006889999999999999,113,305666
955,2015-05-24,0.000743,0.0008529999999999999,0.000653,0.0008529999999999999,329,266247
956,2015-05-23,0.000837,0.000842,0.0007019999999999999,0.000743,89,300076
957,2015-05-22,0.0006360000000000001,0.000808,0.000629,0.000776,772,228004
958,2015-05-21,0.0007469999999999999,0.0008460000000000001,0.0006360000000000001,0.0006360000000000001,678,267823
959,2015-05-20,0.000651,0.000805,0.000573,0.0007469999999999999,1295,233432
960,2015-05-19,0.000687,0.0006889999999999999,0.0005679999999999999,0.0006519999999999999,262,246334
961,2015-05-18,0.0006580000000000001,0.000718,0.000571,0.000688,323,235882
962,2015-05-17,0.000667,0.000692,0.000607,0.0006580000000000001,627,238879
963,2015-05-16,0.000695,0.000745,0.000621,0.000667,309,249006
964,2015-05-15,0.000715,0.000717,0.000648,0.000695,49,256232
965,2015-05-14,0.000688,0.000715,0.000599,0.000715,415,246692
966,2015-05-13,0.000691,0.000754,0.0006349999999999999,0.0006889999999999999,332,247764
967,2015-05-12,0.000604,0.00073,0.000604,0.000691,104,216408
968,2015-05-11,0.000691,0.000717,0.000603,0.000604,343,247502
969,2015-05-10,0.000797,0.000797,0.000638,0.000691,90,285587
970,2015-05-09,0.000642,0.0009019999999999999,0.000621,0.000797,122,230213
971,2015-05-08,0.000656,0.000708,0.000591,0.000643,88,235089
972,2015-05-07,0.0006259999999999999,0.000665,0.000612,0.000656,28,224234
973,2015-05-06,0.000648,0.000669,0.000608,0.0006259999999999999,36,232041
974,2015-05-05,0.000648,0.000682,0.000556,0.000647,123,232078
975,2015-05-04,0.000594,0.000721,0.000503,0.000648,992,213003
976,2015-05-03,0.000719,0.000767,0.0004980000000000001,0.000594,729,257697
977,2015-05-02,0.000723,0.000938,0.00067,0.0007030000000000001,383,258936
978,2015-05-01,0.000737,0.0007480000000000001,0.00065,0.000722,127,264148
979,2015-04-30,0.000718,0.000824,0.000651,0.000739,42,257360
980,2015-04-29,0.000653,0.0007639999999999999,0.00063,0.000719,19,233934
981,2015-04-28,0.000782,0.000797,0.000625,0.000654,314,280125
982,2015-04-27,0.000731,0.000802,0.000704,0.000722,110,261775
983,2015-04-26,0.0007019999999999999,0.000796,0.000609,0.000731,350,251396
984,2015-04-25,0.0006259999999999999,0.000848,0.000458,0.000848,1823,224292
985,2015-04-24,0.0009400000000000001,0.0009400000000000001,0.000621,0.0006259999999999999,1196,336883
986,2015-04-23,0.0008640000000000001,0.000956,0.000817,0.000942,153,309725
987,2015-04-22,0.000728,0.0010949999999999998,0.000723,0.000869,430,260959
988,2015-04-21,0.000669,0.000743,0.0006219999999999999,0.000727,190,239591
989,2015-04-20,0.000647,0.000753,0.000583,0.000669,622,231531
990,2015-04-19,0.00066,0.0008029999999999999,0.000598,0.000647,288,236205
991,2015-04-18,0.0008699999999999999,0.0008990000000000001,0.000594,0.000659,352,311417
992,2015-04-17,0.00101,0.001068,0.000681,0.0008699999999999999,776,361495
993,2015-04-16,0.0006889999999999999,0.001058,0.0006889999999999999,0.00101,308,246534
994,2015-04-15,0.0008439999999999999,0.0008609999999999999,0.000687,0.0006889999999999999,10,302027
995,2015-04-14,0.000791,0.000872,0.000768,0.0008439999999999999,30,283061
996,2015-04-13,0.0009289999999999999,0.000981,0.00079,0.000791,654,332202
997,2015-04-12,0.000944,0.0009630000000000001,0.000901,0.00093,13,337759
998,2015-04-11,0.0008380000000000001,0.001007,0.000791,0.0009449999999999999,413,299800
999,2015-04-10,0.0009460000000000001,0.001021,0.0007099999999999999,0.000839,808,338222
1000,2015-04-09,0.001146,0.001172,0.000851,0.0009460000000000001,168,409616
1001,2015-04-08,0.0011279999999999999,0.001149,0.0009550000000000001,0.001147,40,402970
1002,2015-04-07,0.001166,0.001168,0.0008060000000000001,0.0011279999999999999,806,416425
1003,2015-04-06,0.001057,0.001179,0.001024,0.001167,102,377694
1004,2015-04-05,0.0009570000000000001,0.001057,0.000925,0.001057,55,341675
1005,2015-04-04,0.0009390000000000001,0.000978,0.000917,0.000956,10,335152
1006,2015-04-03,0.000964,0.001038,0.0008730000000000001,0.0009390000000000001,1,344229
1007,2015-04-02,0.0009390000000000001,0.0010609999999999999,0.0008560000000000001,0.000964,7,335139
1008,2015-04-01,0.001098,0.001103,0.0009220000000000001,0.0009400000000000001,145,391903
1009,2015-03-31,0.000962,0.001104,0.000962,0.001098,68,343146
1010,2015-03-30,0.0011480000000000001,0.001149,0.000918,0.0009630000000000001,113,409495
1011,2015-03-29,0.0011220000000000002,0.001184,0.001,0.001147,124,400164
1012,2015-03-28,0.00099,0.001192,0.00099,0.0011220000000000002,317,353169
1013,2015-03-27,0.000813,0.001172,0.000807,0.000991,52,290011
1014,2015-03-26,0.000874,0.000927,0.000807,0.000813,227,311529
1015,2015-03-25,0.000918,0.000918,0.0008410000000000001,0.000874,55,327194
1016,2015-03-24,0.00106,0.001062,0.000909,0.0009109999999999999,81,377803
1017,2015-03-23,0.0008439999999999999,0.0011,0.000842,0.0010609999999999999,58,300436
1018,2015-03-22,0.001026,0.001098,0.000767,0.0008439999999999999,384,365442
1019,2015-03-21,0.001228,0.00125,0.0010199999999999999,0.001027,44,437250
1020,2015-03-20,0.001016,0.001232,0.000808,0.0012289999999999998,232,361692
1021,2015-03-19,0.000909,0.001193,0.000779,0.001016,340,323485
1022,2015-03-18,0.000982,0.001094,0.000834,0.0009109999999999999,81,349495
1023,2015-03-17,0.001296,0.001336,0.00098,0.000984,216,460821
1024,2015-03-16,0.001286,0.001462,0.001258,0.001296,31,457422
1025,2015-03-15,0.001153,0.0014119999999999998,0.000867,0.001289,862,-
1026,2015-03-14,0.0013289999999999999,0.001332,0.001113,0.001155,198,-
1027,2015-03-13,0.0014060000000000001,0.0016129999999999999,0.001093,0.001333,480,-
1028,2015-03-12,0.0014060000000000001,0.0014089999999999999,0.001227,0.001407,700,-
1029,2015-03-11,0.00139,0.00144,0.001266,0.001407,74,-
1030,2015-03-10,0.001312,0.001504,0.0012779999999999998,0.001392,62,-
1031,2015-03-09,0.00137,0.001518,0.001149,0.0013109999999999999,53,-
1032,2015-03-08,0.0013039999999999998,0.001516,0.00125,0.001368,36,-
1033,2015-03-07,0.001147,0.0014810000000000001,0.001057,0.0013039999999999998,150,-
1034,2015-03-06,0.001527,0.0017510000000000002,0.0011480000000000001,0.001149,693,-
1035,2015-03-05,0.00183,0.002022,0.0015279999999999998,0.0015300000000000001,557,-
1036,2015-03-04,0.002094,0.0022429999999999998,0.0016,0.001832,956,-
1037,2015-03-03,0.002139,0.002313,0.0018859999999999999,0.0018859999999999999,122,-
1038,2015-03-02,0.001873,0.002547,0.001873,0.002144,273,-
1039,2015-03-01,0.002478,0.002522,0.00187,0.001871,1899,-
1040,2015-02-28,0.002262,0.002566,0.002216,0.002478,798,-
